Generation BestFit MeanFit BestFitMA MeanFitMA
1 97719.816561 38199.163767 97719.816561 38199.163767
2 101330.664076 38092.377873 99525.2403185 38145.77082
3 89203.470939 31637.195431 96084.650525333345 35976.24569033333
4 99443.860513 38708.860383 96924.45302225 36659.3993635
5 96496.713336 25417.618329 96838.905085 34411.0431566
6 93536.253487 32137.516544 96288.463152 34032.1220545
7 94162.539696 24898.877301 95984.759801142864 32727.372804000002
8 77872.928126 21463.413618 93720.78084175 31319.37790575
9 98183.243261 33783.97958 94216.609999444452 31593.22253622222
10 94963.623336 38662.323826 94291.3113331 32300.132665199995
11 89339.462564 32191.176512 93841.143263181832 32290.22756036363
12 91623.09739 36839.038981 93656.306107083336 32669.295178749995
13 95961.545438 35975.774054 93833.632209461546 32923.639707615381
14 104685.404901 27534.514862 94608.758830285718 32538.702218642855
15 103371.862483 36063.1074 95192.965740466665 32773.662564066661
16 96531.540426 35641.333762 95276.6266583125 32952.8920139375
17 97648.904521 37631.470988 95416.172414941175 33228.102541823529
18 95199.343542 36790.364797 95404.126366444456 33426.006000444439
19 94430.794019 35571.96878 95352.898348157891 33538.951409894733
20 74255.603286 28738.81376 94298.03359505 33298.9445274
21 88875.7198 25214.653014 94039.8281762381 32913.978264857142
22 85090.864077 32636.454203 93633.05708081818 32901.363534772725
23 98346.920078 36315.963083 93838.007645913036 33049.824384695654
24 88329.075868 31729.404869 93608.468821833318 32994.806904875
25 105450.834161 31244.875275 94082.163435399983 32924.809639679996
26 102146.552595 27412.491306 94392.332249230734 32712.797396076923
27 92411.177556 36598.630154 94318.956149481455 32856.717127851851
28 98972.493673 35747.276178 94485.153918178548 32959.951379642858
29 95573.335931 30505.391208 94522.677435862046 32875.311373724144
30 101351.391634 29338.078217 94750.301242466638 32757.403601833335
31 89429.782714 30932.459401 94473.9667809 32515.180122966667
32 86463.433992 30720.259104 93978.39244476665 32269.44283066667
33 115547.844997 44372.995471 94856.5382467 32693.969498666676
34 101157.11027 39805.623775 94913.646571933336 32730.5282784
35 95244.564668 28600.186785 94871.908283000012 32836.6138936
36 40959.884129 30796.864259 93119.362637733328 32791.9254841
37 106257.941496 40462.302813 93522.542697733341 33310.706334500006
38 105948.090537 31208.340796 94458.381444766681 33635.537240433339
39 104510.596068 39306.22674 94669.293205000009 33819.612145766674
40 121885.231983 35555.634526 95566.680159900032 33716.055835766674
41 86448.750519 33932.861447 95470.323091733342 33774.112000266665
42 91240.019867 37374.362551 95457.553840966677 33791.956119266666
43 117037.90638 30170.793147 96160.099205700011 33598.456755700005
44 117990.68189 39801.386899 96603.608438666677 34007.352490266669
45 90961.786382 37626.304896 96189.939235300015 34059.459073466671
46 87378.773338 32745.878125 95884.84699903334 33962.943885566674
47 88686.229248 30895.146758 95586.0911566 33738.399744566668
48 110029.233998 32654.398051 96080.420838466656 33600.534186366669
49 86911.602711 22215.390383 95829.781128199989 33155.314906466665
50 52353.571628 31262.213506 95099.713406266659 33239.428231333331
51 83150.525297 42677.246293 94908.8735895 33821.51467396666
52 44720.316703 24213.476827 93563.188677033322 33540.748761433329
53 110412.91026 24495.845561 93965.388349766654 33146.744844033332
54 96135.177046 28977.324039 94225.591722366647 33055.008816366666
55 109506.758577 38510.447896 94360.7892029 33297.1945704
56 134959.454364 34504.83877 95454.5525952 33533.606152533335
57 102664.089725 35699.996205 95796.316334166637 33503.651687566671
58 100053.908376 36703.535591 95832.36349093332 33535.527001333336
59 102398.711967 25926.559166 96059.876025466641 33382.899266600005
60 105236.805139 37898.189994 96189.389808966633 33668.236325833335
61 120325.238948 27554.800751 97219.238350099971 33555.647704166666
62 69949.072014 26051.813143 96668.759617499993 33400.0328388
63 38666.009546 26972.669542 94106.031769133333 32820.0219745
64 38219.063735 26645.142552 92008.096884633327 32381.339267066669
65 76615.5452 33921.045882 91387.129569033335 32558.70123696667
66 89202.501911 33648.94716 92995.216828433331 32653.770667
67 47695.495521 35786.370344 91043.135295933331 32497.906251366669
68 47204.944206 34382.665355 89085.03041823332 32603.717070000002
69 57923.132657 35317.042368 87532.11497119999 32470.7442576
70 78527.906989 34897.439961 86086.87080473332 32448.804438766667
71 71701.06926 36189.823474 85595.281429433322 32524.03650633333
72 83213.372871 36118.911862 85327.726529566644 32482.188150033333
73 72621.046205 26435.843653 83847.164523733314 32357.689833566663
74 91741.256041 38809.509192 82972.183662100011 32324.627243333332
75 73336.263448 29110.640435 82384.666230966657 32040.771761299995
76 91266.510237 32964.739706 82514.257460933353 32048.067147333331
77 80043.780187 37160.268355 82226.1758255667 32256.904533899993
78 79201.596008 39483.366056 81198.587892566677 32484.536800733327
79 61346.655848 28100.659107 80346.422997133355 32680.712424866662
80 83842.699186 36189.855646 81396.060582400023 32844.967162866662
81 84010.59714 31997.019865 81424.729643833343 32488.95961526666
82 85813.814924 28257.624249 82794.5129178667 32623.764529333326
83 73329.267828 28865.569505 81558.391503466672 32769.421994133329
84 73424.890197 32972.886839 80801.38194183333 32902.6074208
85 81450.087468 32732.055323 79866.159571533339 32709.994335033331
86 92712.558003 40586.188284 78457.929692833321 32912.7059855
87 89337.197334 23329.344713 78013.699946466659 32500.350935766663
88 91165.612863 32632.665187 77717.423429366652 32364.65525563333
89 84670.698578 32332.293531 77126.489649733325 32578.179734466667
90 84807.578767 33173.411684 76445.515437333321 32420.687124133336
91 79386.816171 33391.996631 75080.901344766651 32615.260320133337
92 89478.488531 35412.740603 75731.88189533331 32927.291235466677
93 88668.811035 26810.332935 77398.641944966657 32921.880015233335
94 90343.121171 31861.375189 79136.110526166653 33095.754436466668
95 89713.169958 27114.910854 79572.698018099982 32868.883268866666
96 93047.468827 38372.238486 79700.863581966652 33026.326313066667
97 72161.194895 31197.669228 80516.386894433337 32873.3696092
98 87149.112016 37031.240005 81847.859154766658 32961.655430866667
99 88005.259114 32084.249059 82850.596703333329 32853.895653900006
100 79950.607875 31038.767308 82898.020066200013 32725.273232133339
101 88055.661244 34656.743549 83443.173132333337 32674.17056796667
102 82535.565293 39593.087588 83420.579546400011 32789.976425500005
103 90055.851311 34163.726775 84001.7397166 33047.572529566671
104 92092.969846 39832.753857 84013.463510100017 33081.680685066669
105 38662.365548 27024.194814 82857.666913433364 33012.132497700011
106 81257.851834 24457.875958 82524.044966666683 32728.570372766673
107 80911.46199 35264.915263 82552.967693433355 32665.391936366672
108 82444.278152 33606.633889 82661.057098233359 32469.500864133337
109 92302.791732 34160.236187 83692.9282943667 32671.486766800004
110 88162.582738 36579.856421 83836.92441276669 32684.486792633335
111 85557.915213 29344.24046 83888.501681866677 32596.060812466665
112 51067.358317 25361.72639 82730.286461633354 32499.530883833337
113 75994.867861 23461.634493 82819.139796066665 32319.39971676666
114 79224.995193 34231.106687 83012.476629266675 32361.340378366665
115 78734.998273 29484.649358 82921.9736561 32253.093512866664
116 84423.549227 28008.330062 82645.673363566661 31833.831572133335
117 77462.4002 29467.984595 82249.846792433353 32038.452901533332
118 36643.597126 21413.944106 80432.44626786669 31664.495532166664
119 56778.671219 29269.824337 79502.712022566688 31562.4132257
120 94465.422403 32363.313234 79824.640143766679 31535.409944033334
121 87780.122124 35394.291976 80104.417008866658 31602.153122199994
122 77755.945595 30312.611813 79713.665577666659 31432.1488292
123 79235.868705 25633.61116 79399.234166666647 31392.924770033336
124 87674.687699 34468.116631 79310.286384266656 31479.816151433333
125 60437.287648 29141.35371 78334.423640599984 31547.364246633333
126 87219.777175 32750.672912 78140.167252199986 31359.9787275
127 59430.167577 30164.274024 77715.799674933325 31325.532220700003
128 76301.188327 36201.979655 77354.20221863332 31297.890209033336
129 77957.248739 34102.589106 77019.268539466662 31365.168210600004
130 39108.801154 24165.687279 75657.874982100009 31136.065542966669
131 79515.14501 26010.887765 75373.191107633334 30847.870350166668
132 77015.322006 35236.76066 75189.1829980667 30702.65945256667
133 76318.736514 31362.175882 74731.27917150002 30609.274422800005
134 78139.183427 27429.321515 74266.152957533341 30195.826678066671
135 61573.662988 22812.263191 75029.862872200014 30055.428957300002
136 79490.347414 34396.36644 74970.9460582 30386.711973366666
137 77939.690605 23351.865283 74871.887012033345 29989.610307366667
138 59973.433166 31224.626416 74122.858845833325 29910.210058266664
139 72625.737916 28446.078435 73466.957051966674 29719.7381332
140 80264.883019 22852.669101 73203.700394666666 29262.165222533331
141 80684.291036 25862.522829 73041.246255433332 29146.107968166663
142 71768.81088 30896.028331 73731.2946742 29330.58469953333
143 80680.82512 29325.375521 73887.4932495 29526.042733800004
144 74340.372076 29072.635776 73724.672478933338 29354.093703433333
145 60628.874767 24230.485867 73121.135028733333 29178.954920399996
146 79040.893891 29348.374894 72941.713184200009 29223.623081466663
147 77414.457323 32867.212909 72940.115088300008 29336.930691933332
148 58127.464433 30792.731905 73656.243998533333 29649.556951900002
149 80813.531489 37635.500596 74457.406007533355 29928.4128272
150 78853.959063 33599.351252 73937.023896199986 29969.614094466666
151 69815.966116 26012.281483 73338.218695933319 29656.880411366663
152 41352.107896 32542.151942 72124.7574393 29731.198415666666
153 83896.061811 35448.95238 72280.097209499989 30058.376456333335
154 60793.833324 26025.718057 71384.068730333325 29776.963170533334
155 72742.348161 30286.381418 71794.237414099989 29815.1307608
156 82961.283486 35406.735834 71652.28762446667 29903.666191533335
157 67674.998294 34057.535683 71927.115315033341 30033.441580166669
158 78884.528966 25185.830033 72013.226669666663 29666.236592766669
159 78943.691739 30522.597722 72046.10810300002 29546.903546633333
160 48960.458022 22040.97486 72374.496665266663 29476.079799333333
161 80739.223963 29292.80292 72415.299297033329 29585.476971166667
162 61513.273519 30481.101909 71898.564347466672 29426.9550128
163 74269.064479 26250.322017 71830.2419463 29256.559883966671
164 76385.956044 30106.597077 71771.801033533338 29345.802402699996
165 47097.495836 22221.761716 71289.262128466667 29326.1190202
166 78068.323355 28513.733474 71241.8613265 29130.031254666668
167 60084.2255 27771.206517 70646.679156333354 29277.342629133338
168 62936.361245 30310.052026 70745.443425633333 29246.856816133335
169 73021.097307 31844.927731 70758.622072 29360.151792666667
170 76035.335272 29644.537829 70617.6371471 29586.547416933336
171 49124.156602 30083.191073 69565.632665966667 29727.236358399994
172 64168.192122 30768.603188 69312.278707366684 29722.988853633335
173 76248.504635 26260.157043 69164.5346912 29620.814904366667
174 79092.242068 34377.626018 69322.9303576 29797.647912433327
175 79680.864563 29233.75004 69957.996684133337 29964.423384866663
176 44515.436817 29005.936577 68807.148114999989 29953.008774299993
177 43869.603733 31601.929687 67688.986328666666 29910.832666899994
178 79281.793481 31999.999348 68394.130630266664 29951.074914999994
179 71209.265249 32674.057285 68073.988422266659 29785.693471299997
180 76917.344727 31994.464384 68009.434611066652 29732.197242366663
181 69589.249122 30409.431287 68001.877377933328 29878.768902499996
182 69631.092627 24039.57287 68944.5102023 29595.3496001
183 78647.737266 27958.511929 68769.5660508 29345.668251733332
184 88735.341997 28427.165215 69700.949673233321 29425.716490333332
185 77762.698978 28149.084796 69868.294700466664 29354.4732696
186 77744.642381 33297.122876 69694.40666363333 29284.152837666668
187 77156.977348 37268.519292 70010.4726321 29391.185624633337
188 67668.276318 28463.924739 69636.597543833341 29500.455448166678
189 70043.91778 30344.342548 69339.938411866679 29494.513609033344
190 69895.236678 23803.016492 70037.764367066658 29553.248330100007
191 74231.685788 27477.133025 69820.8464279 29492.726000266674
192 69863.293568 33035.910653 70099.180429533342 29577.886291733339
193 69625.424918 31999.459536 69944.392444166675 29769.524209033341
194 76796.357406 33214.248863 69958.072489566679 29873.112601900004
195 76242.096223 26437.941087 70929.559169133354 30013.651914266669
196 75636.66595 28356.246621 70848.503922299991 30008.4023525
197 62092.903156 26027.122839 70915.459844166675 29950.266229899997
198 78417.931789 29430.125274 71431.512195633331 29920.935338166662
199 71688.304056 28224.148475 71387.085753933337 29800.242696299996
200 62303.793203 35578.903916 70929.367684966666 29998.0548992
201 74551.402334 31532.543493 71776.94254270001 30046.366646533326
202 79255.869978 32833.576956 72279.865137900008 30115.199105466658
203 75255.13246 30070.898682 72246.752732066656 30242.223826766662
204 73478.606114 28061.60588 72059.631533599983 30031.689822166667
205 86827.531779 32097.921626 72297.853774133328 30127.162208366663
206 90115.228815 27421.974668 73817.846840733328 30074.363478066658
207 61491.033663 27386.222857 74405.2278384 29933.839917066663
208 58484.402409 31033.382067 73711.981469333332 29901.619341033333
209 44378.454916 29347.93476 72817.62112489999 29790.748590199997
210 65997.488602 28232.40472 72453.62592073335 29665.346601400004
211 80187.711294 38497.077578 72806.90799313334 29934.934811100004
212 61471.263146 34736.194939 72534.9136771 30291.488880066663
213 90308.204567 37635.417541 72923.595920466658 30614.052400466659
214 80325.620745 37262.392555 72643.271878733329 30908.559978466667
215 79239.411812 25633.909734 72692.495639866669 30824.720809733331
216 58172.96346 30583.322681 72040.106342500017 30734.260803233326
217 82406.953 27423.618067 72215.105530900008 30406.09742906666
218 80996.761689 28549.999962 72659.3883766 30408.966603166664
219 61109.355667 29070.056862 72361.569639500012 30366.490413633335
220 59231.934612 30539.420479 72006.126237299992 30591.037213199997
221 86041.483018 39049.113594 72399.786144966667 30976.769898833336
222 75720.172469 28858.968074 72595.015441666648 30837.538479533334
223 76705.540458 28886.317277 72831.01929299999 30733.767070899998
224 77317.460899 35468.916242 72848.389409433323 30808.9226502
225 79458.501672 29264.618198 72955.6029244 30903.145220566668
226 68418.072271 33596.711472 72714.9831351 31077.827382266663
227 83825.466129 27232.731574 73439.401900866666 31118.014340099995
228 60739.351074 29458.752971 72850.115877033313 31118.968596666662
229 76725.300423 32226.862693 73018.015755933317 31252.392403933332
230 88994.650714 30606.975795 73907.7110063 31086.661466566668
231 92246.073389 37431.583512 74497.533374799983 31283.296133866665
232 81486.49166 30399.566205 74571.887430866656 31202.162442166667
233 45497.261853 27674.201803 73579.95841063332 31122.272546200005
234 85846.667623 24735.172769 73992.2271276 31011.391442500004
235 61587.819799 32118.769465 73150.903394933324 31012.086370466674
236 65599.132577 23823.924863 72333.700187 30892.151376966671
237 87097.258256 34575.49947 73187.241006766664 31131.79393073334
238 89741.373835 29364.838136 74229.140054299991 31076.175799700006
239 57671.537929 27863.278108 74672.2428214 31026.687244633336
240 92949.396418 30242.488953 75570.6397486 31093.690052400005
241 84953.177816 28797.854 75729.48863266666 30770.382599800007
242 80063.494604 33369.602 76349.229681266661 30724.829501833337
243 91764.069602 33428.223361 76397.758515766662 30584.589695833332
244 57678.637955 23571.183445 75642.859089433347 30128.216058833332
245 52508.05304 28259.758497 74751.813797033348 30215.744350933332
246 58753.151417 30426.394828 74771.15339560002 30210.513422499997
247 87933.296782 27566.226876 74955.364855 30215.267049466664
248 62316.201037 26488.339727 74332.679499933336 30146.54504163333
249 76236.681497 28745.861016 74836.923694266676 30135.738513433334
250 60258.192925 30209.804258 74871.132304700019 30124.751306066664
251 61880.032825 29983.916519 74065.7506316 29822.578070233332
252 81144.277887 32019.401005 74246.554145533344 29927.9258346
253 56868.453174 23612.837925 73585.317902733339 29752.14318953333
254 74211.803584 34415.902021 73481.795992233339 29717.042715499992
255 87183.49698 32147.661166 73739.295835833327 29813.144147766659
256 62319.73463 29808.822857 73536.017914466647 29686.881193933328
257 76717.644163 33917.288825 73299.090515600008 29909.699768966668
258 79790.521593 28553.827808 73934.129532899984 29879.53559686667
259 51080.751863 30559.35586 73079.311247566657 29823.952035766666
260 60504.336583 26666.735113 72129.63410986666 29692.610679700003
261 75887.35444 40698.078472 71584.343478233335 29801.493845033336
262 60434.677872 30819.90327 70882.616351966659 29815.505080533334
263 56246.283717 30655.498184 71240.917080766667 29914.881626566672
264 75714.67987 22305.622596 70903.184155666662 29833.896620800002
265 82517.661391 26722.125126 71600.845542066687 29654.008476166669
266 81175.222111 31251.954415 72120.048526533341 29901.609461233336
267 56024.337255 36369.891843 71084.284493166677 29961.422540333337
268 80002.388728 38054.74024 70759.65165626668 30251.0859438
269 74927.864467 33367.138783 71334.86254086667 30434.547966299997
270 66159.081953 30994.601425 70441.8520587 30459.618382033332
271 63277.309258 24567.261582 69719.323106766649 30318.598634766662
272 79627.972781 32222.861554 69704.805712666654 30280.373953233331
273 57154.679235 29305.139317 68551.159367099986 30142.937818433325
274 58539.790457 31196.508396 68579.8644505 30397.1153168
275 58791.953189 31050.645972 68789.327788799987 30490.144899299998
276 62912.608425 19921.671388 68927.976355733335 30139.987451300003
277 59403.39479 30089.854261 67976.979622666666 30224.108364133328
278 89068.364139 29878.692927 68868.718392733339 30337.120137466663
279 79986.891253 34660.685439 68993.7253846 30534.280951566659
280 57162.531346 29493.230036 68890.5366653 30510.395144166665
281 76219.971006 27358.155033 69368.534604666667 30422.8697613
282 83725.0285 31279.666648 69454.5596251 30398.211949400007
283 79358.197698 27298.121583 70204.2177759 30521.054738000003
284 58721.422333 28918.107156 69687.8717342 30337.794909166674
285 33006.378644 29403.709556 67881.967789666669 30246.329855500007
286 65050.977836 32984.001666 67973.009229866671 30352.16914913334
287 76249.00659 33472.94145 67957.387977433333 30337.357569966673
288 61797.275437 27786.731185 67357.613105566663 30311.787682533341
289 55236.193762 29852.638553 67496.127835533334 30288.230438966675
290 44878.181118 32464.313833 66975.255986700009 30481.483062966676
291 78048.48884 33615.527621 67047.293800033338 30245.398034600006
292 62011.165298 37720.728205 67099.843380900013 30475.425532433335
293 78305.402758 27410.707526 67835.147348933344 30367.265843833338
294 73017.294032 29716.933636 67745.234487666676 30614.30954516667
295 86471.398045 32391.518924 67877.025709466674 30803.289338433344
296 79867.476685 30407.732823 67833.434195266658 30775.148618700005
297 90203.039071 35960.514985 68972.724255799985 30761.502723433343
298 80408.769551 28284.79051 68986.270283233331 30435.837732433341
299 56130.194398 26039.838324 68359.681280933335 30191.594383800002
300 62096.255512 28078.101229 68224.25373289999 30094.3777106
301 58678.606642 30271.778929 68070.9636457 30284.528288833331
302 54196.779891 26141.525901 67223.257216033322 30081.817100399996
303 56697.395795 26617.62394 67208.014434699988 29992.233254500003
304 46545.674244 30123.212912 66808.210560933323 29956.456738366665
305 76286.939709 33186.010187 67391.376778266655 30027.635545533332
306 62547.475602 30236.154222 67379.205684166664 30371.45164
307 54286.931999 26742.699325 67208.656924466661 30259.879808800004
308 79070.281214 31490.712608 66875.38749363333 30313.613798166669
309 80064.863997 35141.193943 66877.986585099992 30329.630748300006
310 60581.476959 35486.565649 66991.951438866658 30529.408602066673
311 81613.537505 28393.412231 67171.736988833334 30563.917175333343
312 83306.48391 32187.856093 67157.7855025 30594.190156833341
313 59103.12811 29990.710552 66482.616516233335 30683.943122466677
314 84105.642858 33484.60774 67328.75720040001 30836.159808600012
315 81175.46764 30830.133159 68934.393500266669 30883.707262033342
316 61417.436318 31211.939572 68813.275449666675 30824.638525566676
317 77960.902483 27152.804783 68870.3386461 30613.967303333342
318 56878.105262 26090.052437 68706.366306933342 30557.411345066674
319 73465.364481 23001.973393 69314.0053309 30329.055839733337
320 62456.997959 30015.540288 69899.965892266657 30247.4300549
321 61528.399893 25880.177728 69349.296260700008 29989.585058466666
322 63998.021141 34330.376179 69415.5247888 29876.573324266661
323 59149.972791 33198.10361 68777.01045656667 30069.486527066663
324 78033.226105 36250.52094 68944.208192333332 30287.272770533327
325 80079.274604 37240.38727 68731.137410966665 30448.901715399988
326 61261.399268 30637.227972 68110.934830399987 30456.551553699992
327 78165.393154 27000.384945 67709.6799665 30157.88055236666
328 84320.750422 25285.670871 67840.079328866661 30057.909897733331
329 47881.646236 33057.521562 67565.127723466663 30291.832672333334
330 59030.259898 30450.445803 67462.927869666659 30370.9108248
331 47534.673748 26982.948433 67091.463439866668 30261.2831416
332 79854.055067 31037.687141 67946.705945733323 30424.488516266665
333 67912.155313 33472.646924 68320.531263 30652.9892824
334 55457.9357 23351.996335 68617.606644866653 30427.282063166669
335 83877.740292 22496.774944 68870.633330966652 30070.974221733337
336 69692.733949 30814.963542 69108.808609199987 30090.267865733338
337 70330.613985 25824.120898 69643.59800873333 30059.648584833332
338 59487.670573 21770.429616 68990.8443207 29735.639151766671
339 80619.551944 29194.070947 69009.333918933335 29537.401718566667
340 62554.057218 31372.860805 69075.086594233318 29400.278223766665
341 88131.0458 30545.642677 69292.336870733343 29472.019238633329
342 55742.89456 23821.990511 68373.550559066673 29193.157052566665
343 80256.223404 29565.431076 69078.653735533342 29178.981070033333
344 73722.687451 29323.297054 68732.555221966672 29040.270713833335
345 90556.330116 28371.056222 69045.250637833349 28958.301482599996
346 61509.757997 27995.519826 69048.328027133335 28851.087491066664
347 79519.153191 32956.252397 69100.2697174 29044.535744866665
348 55947.342761 34065.603437 69069.2443007 29310.387444866665
349 74024.385953 34641.564809 69087.878349766659 29698.3738254
350 46645.069069 28747.304271 68560.814053433322 29656.099291499995
351 80070.096558 30309.120787 69178.870608933328 29803.730726799997
352 80513.234082 26342.754779 69729.377706966668 29537.476680133328
353 57612.111584 30958.196127 69678.115666733327 29462.813097366663
354 64829.30068 35008.159845 69237.984819233345 29421.401060866665
355 71265.232588 29226.733515 68944.1834187 29154.279269033334
356 62947.809322 29224.311092 69000.397087166668 29107.182039699997
357 55540.800365 27663.696871 68246.2439942 29129.292437233329
358 62696.746646 27101.232189 67525.443868333343 29189.811147833334
359 81184.235497 28850.624736 68635.530177033332 29049.581253633329
360 81885.061026 30233.805267 69397.3568813 29042.359902433331
361 78820.789975 27713.101226 70440.2274222 29066.698328866667
362 59407.088132 28550.617809 69758.661857700019 28983.796017799996
363 75376.115103 25642.094367 70007.460517366679 28722.77759923333
364 68643.92869 31700.968791 70446.993617033353 29001.0766811
365 82530.539758 31608.174339 70402.086932566686 29304.789994266663
366 87208.270674 29854.567258 70985.938156733348 29272.776784799993
367 45811.971744 28739.398091 70168.650082033346 29369.952691233331
368 81564.920531 34280.993155 70904.558413966661 29786.971475866671
369 58042.437052 29877.106037 70151.987917566672 29809.7393122
370 76324.314849 25030.975964 70610.996505266681 29598.343150833334
371 59080.635299 25577.308144 69642.649488566662 29432.731999733332
372 88414.767485 32039.547621 70731.7119194 29706.650570066668
373 59442.573439 32179.011169 70037.923587233337 29793.769906499998
374 58121.923538 32278.792884 69517.898123466672 29892.286434166668
375 70897.835345 34068.457363 68862.614964433335 30082.199805533335
376 67644.401068 31603.39341 69067.1030668 30202.462258333337
377 74336.744551 34337.351066 68894.356112133333 30248.498880633339
378 76228.043927 28884.487191 69570.379484333316 30075.795005766668
379 61646.581617 30253.515586 69157.78600646666 29929.526698333339
380 78428.313366 29116.041389 70217.227483033334 29941.8179356
381 64591.254469 31407.762612 69701.266080066649 29978.439329766665
382 60013.566589 34377.423879 69017.943830299992 30246.261633100003
383 62075.350672 26643.740145 69166.718466566672 30102.446433700003
384 68809.628377 25977.793675 69299.396056466678 29801.43422803334
385 47650.45158 29833.140811 68512.23668953334 29821.647804566666
386 59936.68842 27789.093834 68411.865992800012 29773.807229300008
387 74737.065736 30216.786963 69051.741505166676 29858.910232366667
388 73928.071977 32602.867787 69426.119016200013 30042.298085633331
389 78854.057799 25086.310868 69348.446426266673 29916.820956700005
390 69102.548478 31626.556779 68922.362674666671 29963.2460071
391 59507.309708 23079.156647 68278.579999100009 29808.781187800003
392 58823.806052 32984.538362 68259.137263100012 29956.578539566672
393 54664.691367 26453.923838 67568.756471900007 29983.639521933339
394 59080.722542 33498.566897 67249.98293363335 30043.559458800002
395 51654.972518 29592.394315 66220.7973589667 29976.366791333341
396 69920.764917 29292.652794 65644.547167066688 29957.636309200003
397 46073.379689 31095.579637 65653.260765233354 30036.175694066667
398 69504.752771 31587.723489 65251.255173233345 29946.400038533335
399 79757.981464 31286.214107 65975.106653633338 29993.37030753334
400 58649.464761 29730.635337 65385.944984033333 30150.025619966673
401 70036.328712 33334.879464 65751.134764466682 30408.611330633339
402 86076.184134 29201.032608 65673.181986100011 30313.994163533334
403 61199.998106 31731.785475 65731.76280833334 30299.086640400004
404 55185.032321 33348.545913 65633.866434433337 30334.745074700004
405 59404.324036 23570.922958 65250.7493908 29984.827261200004
406 46618.648556 23381.857961 64549.890973733345 29710.776079566669
407 59722.167273 35977.065207 64062.738397800007 29765.4332176
408 58225.764069 32179.677946 63462.662402533329 29875.272909433341
409 83547.781554 29928.491325 64192.702400433343 29864.4387674
410 61698.18765 26419.216683 63635.031543233337 29774.544610533336
411 62935.185625 23200.053671 63579.829248433329 29500.954312500002
412 60799.139481 27299.534707 63606.0150115 29265.02467343333
413 58736.178824 32343.636938 63494.709283233336 29455.021233199997
414 82914.998332 30815.165028 63964.888281733343 29616.266944966665
415 63048.722087 28939.692102 64478.1639653 29586.48532133333
416 71260.048114 30624.445457 64855.609288433334 29680.9970421
417 59696.158183 26637.374504 64354.245703333334 29561.683293466667
418 73859.561624 27062.898761 64351.9620249 29377.017659266665
419 55852.465206 29112.815897 63585.242271800009 29511.234493566662
420 73398.151298 32816.632433 63728.429032466658 29550.903682033331
421 89311.292137 30822.413475 64721.89511343334 29809.012242966663
422 80990.551679 27699.052814 65460.786634333344 29632.829391366668
423 62515.705964 26259.533099 65722.4871209 29626.349700066668
424 83808.560945 28364.260986 66546.748401 29455.206169700003
425 60932.985413 29214.379745 66856.0154975 29442.605684033337
426 74063.582723 28315.840717 66994.109424366688 29410.045281466668
427 39734.239912 31823.826728 66782.804765133347 29434.3201845
428 73709.607663 32266.231308 66922.966594866666 29456.9371118
429 53928.805982 23885.515148 66061.994078800009 29210.247146499998
430 66332.673835 25718.166606 66318.101047933349 29076.4981888
431 83834.385579 30074.260634 66778.036276833343 28967.810894466664
432 55610.74108 31066.003986 65762.52150836667 29029.976607066663
433 60916.533341 24159.657319 65753.072682866667 28777.5723352
434 71002.802338 34109.745259 66280.331683433338 28802.945646733333
435 61151.684001 28106.817343 66338.5770156 28954.142126233332
436 55401.786089 29230.715308 66631.3482667 29149.104037799996
437 60716.812118 32282.163859 66664.503094866668 29025.940659533328
438 78054.288288 30033.243284 67325.453902166671 28954.392837466665
439 60107.733364 34841.66914 66544.118962500012 29118.165431299996
440 76858.293485 34510.674511 67049.455823666678 29387.880692233332
441 64244.713996 26573.629947 67093.10676936667 29500.333234766662
442 77054.193439 30786.698551 67634.9419013 29616.572029566658
443 77644.741044 26091.653717 68265.22730863333 29408.172588866662
444 61433.636433 33340.489572 67549.181912 29492.350073666665
445 75475.252144 27647.841535 67963.399580566664 29449.288388099998
446 54084.327094 26622.334508 67390.875546566662 29315.884689799997
447 65413.463603 25413.074453 67581.452393899992 29275.0746881
448 61462.49551 25506.828842 67168.216856766667 29223.205690799998
449 56024.902459 28637.39934 67173.9647652 29207.358472233333
450 78191.906618 25202.387064 67333.756609199991 28953.550293266664
451 69202.195177 24350.420244 66663.4533772 28737.81718556667
452 78126.366402999993 21531.270553 66567.980534666669 28532.224443533338
453 57974.250258 28348.891274 66416.5986778 28601.869716033336
454 56733.210916000004 29283.691129 65514.087010166681 28632.517387466676
455 78205.643257 25388.247802 66089.842271633344 28504.979656033342
456 80881.927214 25642.061084 66317.12042133334 28415.853668266678
457 61303.221954 29463.059086 67036.0864894 28337.16141353334
458 60208.282096 26929.419749 66586.042303833339 28159.2676949
459 47600.548459 38117.444833 66375.1003864 28633.665351066673
460 54599.965896 20502.308315 65984.010121766667 28459.803408033338
461 63721.915961 35549.574247 65313.594467833318 28642.313861800005
462 67556.875045 24947.736144 65711.798933333324 28438.371600400005
463 80472.05337 31862.990126 66363.649600966659 28695.149360633335
464 53194.619654 24456.032277 65770.043511499985 28373.358927900004
465 62002.774373 27374.111218 65798.413190566658 28348.9353904
466 67702.550209 26009.013796 66208.438661233333 28241.54534
467 64647.873355 25486.412378 66339.4740358 28015.020290633329
468 61003.390729 27596.056613 65771.110783833341 27933.780734933331
469 83158.478897 25809.454127 66539.46896826665 27632.706901166664
470 77844.157022 28265.676966 66572.331086166654 27424.540316333332
471 73483.272325 25042.491851 66880.283030466657 27373.5023798
472 57478.932433 28789.749867 66227.774330266664 27306.937423666663
473 66544.321507 30975.147536 65857.760345700008 27469.720550966667
474 76693.796577 23339.144337 66366.4323505 27136.342376466666
475 57836.123902 29916.59808 65778.461409100011 27211.967594633337
476 71317.100689 26653.53447 66352.887195600008 27213.007593366667
477 56091.460238 25976.909966 66042.153750100013 27231.802110466666
478 68545.364779 29441.064616 66278.2493924 27362.943302933338
479 58126.830763 24067.157158 66348.3136692 27210.601896866669
480 79725.04968 32228.767509 66399.418437933331 27444.814578366666
481 57470.613244 28882.498201 66008.365706833341 27595.883843600008
482 55984.157713 19671.261881 65270.29208383333 27533.883554533342
483 46207.074286 29880.504859 64878.052884766665 27584.937340700002
484 57161.342937 29796.07178 64892.323952133331 27602.016695733335
485 59994.987037 30454.943827 64285.302078133333 27770.906563233333
486 79050.649319 27613.899843 64224.259481633329 27836.634521866668
487 71070.340271 23983.331236 64549.8300922 27653.976926866671
488 61287.921475 27647.309999 64585.818071500005 27677.906601866671
489 62642.347803 29542.406348 65087.21138296667 27392.071985700004
490 57576.340491 21781.503708 65186.423869466664 27434.711832133336
491 77936.640768 28475.338635 65660.2480297 27198.903978400005
492 57619.334999 29981.166346 65328.996694833339 27366.684985133339
493 62422.342687 30483.927313 64727.339672066664 27320.7162247
494 54282.929824 27777.448862 64763.616677733342 27431.430110866673
495 52820.990851 27475.038424 64457.557227000005 27434.794351066677
496 43584.555149 20296.710714 63653.624058333342 27244.384248333343
497 30609.758794 26060.086055 62519.020239633326 27263.506704233339
498 50688.134667 33814.831311 62175.178370899994 27470.79919416667
499 72024.934198 33610.13156 61804.060214266654 27730.821775266668
500 45616.278199 28494.18891 60729.797586833323 27738.438840066668
501 69468.801026 28814.641915 60595.981876866652 27864.177175533336
502 73759.854085 26502.062156 61138.679265266655 27787.920918500004
503 64829.269256 26783.097353 61081.510856899986 27648.185912400004
504 65121.247314 23560.000143 60695.759214799989 27655.547772600003
505 64356.605911 25214.096144 60913.1086151 27498.797708066668
506 64316.270289 26926.616488 60679.747601766641 27507.900442000002
507 78764.434465 30899.248605 61435.513409333311 27671.978396633338
508 54170.14925 23952.919495 60956.33955836665 27489.040225933339
509 63876.288074 23350.659371 61147.988135399995 27465.156966366674
510 60040.61355 29603.43639 60491.840264399987 27377.645929066672
511 60658.362685 30139.745834 60598.098579099991 27419.554183500004
512 65971.892078 26695.150154 60931.023057933322 27653.683792600008
513 44000.048598 25652.212713 60857.455534999994 27512.740721066675
514 26442.88618 25822.371503 59833.506976433324 27380.284045166674
515 60474.477649 25174.33421 59849.489996833334 27204.263724600009
516 67053.304957 27249.789043 59449.578518099996 27192.126697933338
517 73861.709705 20591.686411 59542.624165900008 27079.071870433338
518 56623.34578 28801.84142 59387.138309400019 27117.556251133334
519 58614.515216 27403.468389 59252.877223166666 27046.258319166667
520 61795.278687 20731.620351 59393.508496366667 27011.262207266664
521 59451.247992 29189.135761 58777.328737166674 27035.0554448
522 78965.06102 23781.29504 59488.852937866679 26828.393067933332
523 73290.281424 34923.636063 59851.117562433341 26976.383359599993
524 71890.299547 32463.348739 60438.029886533339 27132.580022166661
525 54853.249156 25986.321863 60505.771830033344 27082.956136799996
526 70191.860728999993 27999.523916 61392.682016033337 27339.716576866667
527 46227.050207 26347.678844 61913.258396466677 27349.303003166668
528 60085.849727 29243.764853 62226.515565133341 27196.934121233335
529 82360.632008 33527.805483 62571.038825466676 27194.189918666671
530 62152.620135 28603.214585 63122.250223333343 27197.824107833334
531 59761.868881 23943.364521 62798.685818500009 27035.4481947
532 57361.275987 23003.390432 62252.066548566676 26918.825803900003
533 74897.85228 29276.012327 62587.685982700008 27001.922969699997
534 62935.414004 33347.881048 62514.824872366669 27328.185666533329
535 64028.046253 23830.390918 62503.872883766671 27282.062158999997
536 67171.34741 27685.552855 62599.042121133338 27307.360037899998
537 63505.291808 20185.882862 62090.404032566672 26950.247846466664
538 76253.180525 25288.941384 62826.505075066663 26994.781909433328
539 58430.273292 26881.003434 62644.971249 27112.460044866661
540 83497.337618 26704.162083 63426.862051266668 27015.81756796666
541 77559.921196 31602.513128 63990.247334966654 27064.576477766666
542 55323.118231 23991.645591 63635.288206733319 26974.459658999993
543 74339.101958 30835.237576 64646.589985399994 27147.227154433327
544 57773.74093 30347.070909 65690.951810399987 27298.050467966659
545 71269.380653 22380.79169 66050.781910533333 27204.932383966665
546 79857.731561 29999.827159 66477.596130666658 27296.600321166665
547 70625.09754 30725.741759 66369.709058499982 27634.402166099993
548 61372.026634 33603.979145 66527.998420299991 27794.473423599997
